          0.005         11.669          0.010
          0.006         11.672          0.007
          0.007         11.676          0.005
          0.010         11.683          0.003
          0.012         11.686          0.002
          0.015         11.690          0.002
          0.017         11.691          0.001
          0.020         11.693          0.001
          0.050         11.697          0.001
          0.062         11.699          0.002
          0.083         11.701          0.001
          0.092         11.703          0.002
          0.124         11.707          0.000
          0.138         11.709          0.001
          0.155         11.713          0.000
          0.177         11.718          0.000
          0.207         11.725          0.000
          0.248         11.738          0.000
          0.457         11.829          0.000
          1.501         13.491          0.037
          1.521         13.550          0.044
          1.540         13.601          0.044
          1.560         13.668          0.052
          1.580         13.727          0.052
          1.600         13.794          0.059
          1.619         13.846          0.060
          1.639         13.898          0.067
          1.659         13.958          0.067
          1.679         14.025          0.075
          1.698         14.077          0.075
          1.718         14.145          0.083
          1.738         14.198          0.083
          1.758         14.273          0.091
          1.777         14.341          0.098
          1.797         14.409          0.099
          1.817         14.478          0.099
          1.837         14.554          0.107
          1.856         14.638          0.115
          1.876         14.722          0.123
          1.896         14.799          0.123
          1.922         14.884          0.131
          1.942         14.977          0.139
          1.962         15.070          0.148
          1.982         15.155          0.171
          2.001         15.256          0.172
          2.021         15.350          0.188
          2.041         15.452          0.197
          2.061         15.547          0.197
          2.080         15.649          0.214
          2.100         15.752          0.238
          2.120         15.863          0.239
          2.140         15.975          0.216
          2.159         16.095          0.241
          2.179         16.208          0.274
          2.199         16.337          0.259
          2.219         16.458          0.308
          2.238         16.588          0.261
          2.258         16.718          0.360
          2.278         16.857          0.361
          2.298         16.997          0.396
          2.317         17.138          0.373
          2.337         17.295          0.358
          2.357         17.445          0.443
          2.377         17.603          0.470
          2.396         17.763          0.506
          2.416         17.932          0.508
          2.442         18.100          0.613
          2.462         18.288          0.565
          2.482         18.467          0.628
          2.502         18.657          0.631
          2.521         18.856          0.669
          2.541         19.064          0.690
          2.561         19.274          0.729
          2.581         19.492          0.830
          2.600         19.723          0.800
          2.620         19.931          1.072
          2.640         20.191          1.079
          2.660         20.431          1.212
          2.679         20.713          1.193
          2.699         20.987          1.192
          2.719         21.281          1.209
          2.739         21.586          1.236
          2.758         21.899          1.395
          2.778         22.237          1.406
          2.798         22.564          1.549
          2.818         22.925          1.629
          2.837         23.304          1.787
          2.857         23.702          1.803
          2.877         24.129          1.907
          2.897         24.570          2.014
          2.916         25.046          2.114
          2.936         25.583          0.000
          2.956         26.042          2.493
          2.976         26.602          2.634
          3.002         27.197          2.809
          3.022         27.836          3.075
          3.041         28.514          3.348
          3.061         29.268          3.566
          3.081         30.047          3.900
          3.101         30.875          4.311
          3.120         31.795          4.704
          3.140         32.786          5.239
          3.160         33.874          5.900
          3.180         35.064          6.674
          3.199         36.351          7.638
          3.219         37.744          8.832
          3.239         39.228         10.295
          3.259         40.735         12.194
          3.278         42.130         14.619
          3.298         43.266         17.725
          3.318         43.739         21.444
          3.338         43.138         25.540
          3.357         41.481         29.481
          3.377         38.791         32.886
          3.397         35.219         35.284
          3.417         31.491         36.347
          3.436         28.184         36.315
          3.456         25.601         35.635
          3.476         23.711         34.696
          3.502         22.388         33.817
          3.522         21.421         33.079
          3.542         20.681         32.532
          3.562         20.072         32.126
          3.581         19.575         31.835
          3.601         19.125         31.638
          3.621         18.708         31.513
          3.641         18.321         31.459
          3.660         17.955         31.443
          3.680         17.587         31.478
          3.700         17.233         31.534
          3.720         16.878         31.615
          3.739         16.535         31.744
          3.759         16.175         31.874
          3.779         15.849         32.038
          3.799         15.529         32.234
          3.818         15.212         32.444
          3.838         14.891         32.679
          3.858         14.565         32.940
          3.878         14.254         33.239
          3.897         13.965         33.567
          3.917         13.655         33.941
          3.937         13.332         34.352
          3.957         13.011         34.840
          3.976         12.636         35.354
          3.996         12.234         35.942
          4.016         11.828         36.610
          4.036         11.342         37.334
          4.055         10.776         38.132
          4.082         10.117         39.013
          4.101          9.368         39.949
          4.121          8.425         40.958
          4.141          7.316         42.032
          4.161          5.978         43.151
          4.180          4.343         44.271
          4.200          2.372         45.351
          4.220         -0.067         46.243
          4.240         -2.932         46.757
          4.259         -6.129         46.680
          4.279         -9.455         45.779
          4.299        -12.411         44.088
          4.319        -14.768         41.869
          4.338        -16.333         39.502
          4.358        -17.450         37.292
          4.378        -18.216         35.267
          4.398        -18.824         33.347
          4.417        -19.288         31.548
          4.437        -19.610         29.786
          4.457        -19.812         28.112
          4.477        -19.887         26.481
          4.496        -19.819         24.912
          4.516        -19.639         23.441
          4.536        -19.344         22.041
          4.556        -18.933         20.754
          4.575        -18.456         19.618
          4.602        -17.932         18.600
          4.615        -17.355         17.690
          4.641        -16.792         16.888
          4.661        -16.237         16.208
          4.681        -15.704         15.608
          4.700        -15.190         15.093
          4.720        -14.715         14.629
          4.740        -14.280         14.214
          4.760        -13.849         13.834
          4.779        -13.450         13.488
          4.799        -13.083         13.194
          4.819        -12.730         12.907
          4.839        -12.401         12.641
          4.858        -12.089         12.410
          4.878        -11.771         12.185
          4.898        -11.505         11.974
          4.918        -11.225         11.802
          4.937        -10.960         11.627
          4.957        -10.695         11.477
          4.977        -10.465         11.334
          4.997        -10.244         11.194
          5.016        -10.020         11.087
          5.036         -9.819         10.989
          5.056         -9.628         10.911
          5.076         -9.445         10.836
          5.095         -9.290         10.774
          5.115         -9.140         10.722
          5.142         -8.992         10.702
          5.155         -8.895         10.682
          5.174         -8.794         10.667
          5.201         -8.724         10.659
          5.221         -8.668         10.657
          5.240         -8.651         10.641
          5.260         -8.654         10.634
          5.280         -8.683         10.607
          5.300         -8.749         10.589
          5.319         -8.824         10.517
          5.339         -8.920         10.415
          5.359         -9.015         10.279
          5.379         -9.087         10.117
          5.398         -9.166          9.903
          5.418         -9.195          9.708
          5.438         -9.217          9.487
          5.458         -9.186          9.262
          5.477         -9.161          9.041
          5.497         -9.108          8.849
          5.517         -9.051          8.666
          5.537         -8.986          8.488
          5.556         -8.892          8.307
          5.576         -8.820          8.167
          5.596         -8.723          7.996
          5.616         -8.651          7.879
          5.642         -8.549          7.745
          5.655         -8.456          7.629
          5.675         -8.400          7.493
          5.701         -8.292          7.344
          5.714         -8.242          7.290
          5.741         -8.168          7.184
          5.754         -8.109          7.099
          5.780         -8.072          6.973
          5.800         -7.988          6.900
          5.820         -7.898          6.770
          5.839         -7.860          6.687
          5.859         -7.816          6.623
          5.879         -7.738          6.500
          5.899         -7.719          6.459
          5.918         -7.634          6.341
          5.938         -7.490          6.262
          5.958         -7.573          6.159
          5.978         -7.500          6.067
          5.997         -7.442          5.876
          6.248         -7.415          5.595
          6.498         -6.735          4.625
          6.715         -6.085          3.901
          6.978         -5.537          3.342
          7.242         -5.000          2.868
          7.505         -4.567          2.488
          7.768         -4.143          2.171
          7.966         -3.772          1.912
          8.229         -3.413          1.687
          8.492         -3.141          1.507
          8.756         -2.842          1.346
          9.019         -2.621          1.218
          9.217         -2.375          1.100
          9.480         -2.170          1.003
          9.743         -2.001          0.922
         10.007         -1.811          0.845
         10.270         -1.655          0.779
         10.467         -1.506          0.721
         10.731         -1.387          0.673
         10.994         -1.272          0.631
         11.257         -1.161          0.593
         11.521         -1.054          0.558
         11.718         -0.953          0.523
         11.982         -0.861          0.495
         12.245         -0.777          0.470
         12.508         -0.701          0.446
         12.772         -0.628          0.426
         12.969         -0.561          0.409
         13.232         -0.497          0.393
         13.496         -0.440          0.378
         13.759         -0.386          0.364
         14.022         -0.335          0.353
         14.220         -0.289          0.341
         14.483         -0.245          0.330
         14.747         -0.205          0.320
         15.010         -0.168          0.310
         15.273         -0.131          0.300
         15.471         -0.098          0.291
         15.734         -0.066          0.280
         15.997         -0.036          0.272
         16.261         -0.007          0.262
         16.524          0.019          0.252
         16.590          0.029          0.249
         16.722          0.039          0.245
         16.787          0.050          0.242
         16.985          0.070          0.235
         17.248          0.093          0.226
         17.512          0.116          0.217
         17.775          0.137          0.209
         17.972          0.159          0.199
         18.499          0.200          0.183
         18.960          0.238          0.168
         19.092          0.250          0.116
         19.355          0.271          0.106
         19.487          0.274          0.152
         19.684          0.293          0.102
         20.013          0.315          0.095
         20.342          0.343          0.087
         20.671          0.368          0.079
         21.001          0.390          0.073
         21.396          0.412          0.066
         21.725          0.432          0.060
         22.120          0.454          0.055
         22.515          0.476          0.050
         22.976          0.497          0.046
         23.371          0.520          0.042
         23.831          0.542          0.039
         24.292          0.565          0.037
         24.819          0.586          0.034
         25.280          0.605          0.032
         25.806          0.627          0.030
         26.399          0.644          0.029
         26.926          0.662          0.027
         27.518          0.679          0.026
         28.176          0.695          0.025
         28.835          0.710          0.025
         29.493          0.727          0.024
         30.217          0.739          0.024
         31.007          0.755          0.023
         31.797          0.769          0.023
         32.587          0.783          0.023
         33.509          0.797          0.022
         34.431          0.808          0.022
         35.418          0.821          0.021
         36.471          0.833          0.021
         37.591          0.843          0.018
         38.710          0.856          0.019
         39.961          0.865          0.019
         41.343          0.878          0.018
         42.725          0.887          0.017
         44.240          0.897          0.016
         45.885          0.906          0.015
         47.663          0.914          0.014
         49.572          0.922          0.013
         51.613          0.929          0.012
         53.917          0.937          0.011
         56.353          0.945          0.010
         59.052          0.953          0.009
         61.949          0.956          0.008
         65.240          0.964          0.007
         69.124          0.970          0.006
         73.074          0.976          0.005
         77.683          0.982          0.004
         82.949          0.986          0.004
         88.216          1.000          0.003
         90.849          1.016          0.003
         94.141          1.044          0.002
         95.458          1.061          0.002
         96.774          1.069          0.002
         98.091          1.069          0.002
         99.408          1.069          0.002
        100.066          1.065          0.003
        100.724          1.061          0.010
        101.382          1.050          0.049
        102.041          1.048          0.054
        104.016          1.026          0.052
        106.649          1.013          0.050
        109.941          1.007          0.048
        111.916          1.004          0.047
        115.207          1.001          0.045
        117.841          0.999          0.044
        121.132          0.997          0.042
        123.766          0.995          0.041
        127.057          0.994          0.040
        129.691          0.993          0.039
        132.982          0.992          0.037
        136.274          0.991          0.036
        140.224          0.990          0.035
        142.857          0.989          0.034
        146.807          0.988          0.033
        150.099          0.987          0.032
        154.049          0.987          0.031
        157.999          0.986          0.030
        161.949          0.985          0.029
        165.899          0.985          0.029
        169.849          0.983          0.025
        173.799          0.983          0.024
        177.749          0.983          0.023
        181.698          0.983          0.021
        186.965          0.983          0.020
        190.915          0.983          0.019
        196.182          0.984          0.017
        200.790          0.984          0.016
        206.057          0.984          0.015
        210.665          0.984          0.014
        215.932          0.985          0.013
        221.198          0.985          0.012
        227.123          0.986          0.011
        231.731          0.986          0.011
        237.656          0.986          0.010
        244.240          0.987          0.009
        250.165          0.987          0.008
        256.090          0.988          0.008
        262.014          0.988          0.007
        268.598          0.989          0.007
        275.181          0.989          0.006
        281.764          0.989          0.006
        289.006          0.990          0.005
        296.248          0.990          0.005
        302.831          0.991          0.005
        310.731          0.991          0.004
        317.972          0.991          0.004
        325.872          0.992          0.004
        333.772          0.992          0.003
        341.672          0.992          0.003
        350.889          0.993          0.003
        358.789          0.993          0.003
        368.005          0.993          0.002
        376.564          0.994          0.002
        385.780          0.994          0.002
        395.655          0.994          0.002
        405.530          0.994          0.002
        414.747          0.995          0.002
        425.938          0.995          0.001
        435.813          0.995          0.001
        447.005          0.995          0.001
        457.538          0.996          0.001
        468.729          0.996          0.001
        479.921          0.996          0.001
        491.771          0.996          0.001
        503.621          0.996          0.001
        515.471          0.997          0.001
        528.637          0.997          0.001
        541.804          0.997          0.001
        554.970          0.997          0.001
        568.795          0.997          0.001
        582.620          0.997          0.000
        596.445          0.997          0.000
        611.587          0.998          0.000
        626.728          0.998          0.000
        641.870          0.998          0.000
        657.670          0.998          0.000
        671.494          0.998          0.000
        691.244          0.998          0.000
        704.411          0.998          0.000
        724.161          0.998          0.000
        743.910          0.998          0.000
        757.077          0.998          0.000
        776.827          0.999          0.000
        796.577          0.999          0.000
        816.327          0.999          0.000
        836.076          0.999          0.000
        855.826          0.999          0.000
        882.159          0.999          0.000
        901.909          0.999          0.000
        921.659          0.999          0.000
        941.409          0.999          0.000
        967.742          0.999          0.000
        994.075          0.999          0.000
       1013.825          0.999          0.000
       1040.158          0.999          0.000
       1066.491          0.999          0.000
       1092.824          0.999          0.000
       1119.157          0.999          0.000
       1145.490          0.999          0.000
       1171.824          0.999          0.000
       1204.740          0.999          0.000
       1231.073          0.999          0.000
       1263.989          0.999          0.000
       1296.906          0.999          0.000
       1323.239          1.000          0.000
       1356.155          1.000          0.000
       1389.072          1.000          0.000
       1428.571          1.000          0.000
       1461.488          1.000          0.000
       1494.404          1.000          0.000
       1533.904          1.000          0.000
       1566.820          1.000          0.000
       1606.320          1.000          0.000
       1645.820          1.000          0.000
       1685.319          1.000          0.000
       1731.402          1.000          0.000
       1770.902          1.000          0.000
       1816.985          1.000          0.000
       1856.485          1.000          0.000
       1902.567          1.000          0.000
       1948.650          1.000          0.000
       2001.317          1.000          0.000
