       0.304E+19      0.9998096      0.0000638
       0.296E+19      0.9998262      0.0000692
       0.289E+19      0.9998444      0.0000752
       0.282E+19      0.9998636      0.0000816
       0.276E+19      0.9998226      0.0000079
       0.269E+19      0.9997700      0.0000086
       0.263E+19      0.9997480      0.0000095
       0.256E+19      0.9997261      0.0000104
       0.250E+19      0.9997081      0.0000114
       0.244E+19      0.9996880      0.0000125
       0.238E+19      0.9996680      0.0000137
       0.233E+19      0.9996480      0.0000150
       0.227E+19      0.9996280      0.0000164
       0.222E+19      0.9996061      0.0000180
       0.217E+19      0.9995840      0.0000196
       0.211E+19      0.9995621      0.0000214
       0.206E+19      0.9995380      0.0000234
       0.201E+19      0.9995120      0.0000256
       0.197E+19      0.9994860      0.0000280
       0.192E+19      0.9994580      0.0000306
       0.187E+19      0.9994300      0.0000334
       0.183E+19      0.9994001      0.0000366
       0.178E+19      0.9993681      0.0000400
       0.174E+19      0.9993341      0.0000436
       0.170E+19      0.9992981      0.0000478
       0.166E+19      0.9992621      0.0000520
       0.162E+19      0.9992241      0.0000568
       0.158E+19      0.9991822      0.0000620
       0.154E+19      0.9991402      0.0000678
       0.151E+19      0.9990962      0.0000740
       0.147E+19      0.9990482      0.0000808
       0.143E+19      0.9990002      0.0000882
       0.140E+19      0.9989483      0.0000959
       0.137E+19      0.9988943      0.0001047
       0.134E+19      0.9988364      0.0001145
       0.130E+19      0.9987763      0.0001249
       0.127E+19      0.9987164      0.0001359
       0.124E+19      0.9986504      0.0001483
       0.121E+19      0.9985784      0.0001621
       0.118E+19      0.9985065      0.0001767
       0.115E+19      0.9984286      0.0001930
       0.113E+19      0.9983487      0.0002098
       0.110E+19      0.9982687      0.0002278
       0.107E+19      0.9981768      0.0002498
       0.105E+19      0.9980829      0.0002717
       0.102E+19      0.9979810      0.0002957
       0.999E+18      0.9978811      0.0003217
       0.975E+18      0.9977812      0.0003516
       0.952E+18      0.9976614      0.0003816
       0.929E+18      0.9975615      0.0004155
       0.906E+18      0.9974216      0.0004534
       0.885E+18      0.9973018      0.0004933
       0.864E+18      0.9971619      0.0005372
       0.843E+18      0.9970222      0.0005871
       0.823E+18      0.9968624      0.0006370
       0.803E+18      0.9967225      0.0006929
       0.783E+18      0.9965428      0.0007567
       0.765E+18      0.9963831      0.0008205
       0.747E+18      0.9962034      0.0008923
       0.729E+18      0.9960038      0.0009721
       0.712E+18      0.9958242      0.0010518
       0.695E+18      0.9956245      0.0011415
       0.679E+18      0.9954048      0.0012411
       0.662E+18      0.9951854      0.0013507
       0.647E+18      0.9949658      0.0014643
       0.630E+18      0.9947063      0.0015978
       0.616E+18      0.9944669      0.0017212
       0.601E+18      0.9942075      0.0018726
       0.586E+18      0.9939082      0.0020338
       0.572E+18      0.9936488      0.0022129
       0.559E+18      0.9933497      0.0023920
       0.545E+18      0.9930305      0.0026109
       0.533E+18      0.9927313      0.0028097
       0.519E+18      0.9923922      0.0030483
       0.507E+18      0.9920532      0.0033068
       0.495E+18      0.9917141      0.0035851
       0.483E+18      0.9913350      0.0038831
       0.472E+18      0.9909959      0.0041811
       0.460E+18      0.9905771      0.0045584
       0.450E+18      0.9901980      0.0049157
       0.439E+18      0.9897989      0.0053127
       0.428E+18      0.9893800      0.0057294
       0.418E+18      0.9889409      0.0062253
       0.408E+18      0.9885616      0.0066815
       0.398E+18      0.9880823      0.0072564
       0.389E+18      0.9876628      0.0078114
       0.380E+18      0.9872430      0.0084059
       0.371E+18      0.9868029      0.0090796
       0.361E+18      0.9863821      0.0098126
       0.352E+18      0.9859410      0.0106048
       0.345E+18      0.9855598      0.0113176
       0.336E+18      0.9850973      0.0122876
       0.328E+18      0.9847344      0.0131587
       0.320E+18      0.9843903      0.0141288
       0.313E+18      0.9841248      0.0151388
       0.305E+18      0.9838384      0.0162278
       0.298E+18      0.9835702      0.0174357
       0.290E+18      0.9833595      0.0187628
       0.284E+18      0.9833094      0.0198334
       0.276E+18      0.9832354      0.0212211
       0.270E+18      0.9832199      0.0226094
       0.264E+18      0.9832630      0.0239984
       0.258E+18      0.9834241      0.0253891
       0.252E+18      0.9845482      0.0287781
       0.246E+18      0.9845482      0.0287781
       0.240E+18      0.9855598      0.0301832
       0.234E+18      0.9865970      0.0311928
       0.228E+18      0.9874555      0.0322004
       0.223E+18      0.9880586      0.0330058
       0.217E+18      0.9889333      0.0342142
       0.213E+18      0.9896321      0.0352216
       0.207E+18      0.9906655      0.0364349
       0.202E+18      0.9915431      0.0374473
       0.197E+18      0.9925362      0.0386623
       0.193E+18      0.9937087      0.0398820
       0.188E+18      0.9950408      0.0411065
       0.184E+18      0.9966726      0.0423389
       0.179E+18      0.9986806      0.0437816
       0.175E+18      1.0010899      0.0452362
       0.170E+18      1.0042629      0.0467118
       0.167E+18      1.0072441      0.0479864
       0.162E+18      1.0134388      0.0497458
       0.158E+18      1.0259190      0.0518758
       0.155E+18      1.0480943      0.0536628
       0.154E+18      1.0500489      0.0492000
       0.153E+18      1.0608749      0.0103000
       0.152E+18      1.0650215      0.0031786
       0.151E+18      1.0691551      0.0020680
       0.149E+18      1.0691551      0.0021094
       0.147E+18      1.0691549      0.0022541
       0.145E+18      1.0608987      0.0023278
       0.143E+18      1.0444825      0.0024528
       0.138E+18      1.0160624      0.0026208
       0.134E+18      0.9999980      0.0028600
       0.126E+18      0.9860458      0.0035351
       0.118E+18      0.9820763      0.0042613
       0.111E+18      0.9761375      0.0050190
       0.105E+18      0.9702162      0.0058509
       0.991E+17      0.9643122      0.0067365
       0.941E+17      0.9564685      0.0076871
       0.897E+17      0.9525564      0.0086474
       0.856E+17      0.9447590      0.0097200
       0.819E+17      0.9369934      0.0107061
       0.784E+17      0.9292588      0.0117608
       0.753E+17      0.9215550      0.0128640
       0.724E+17      0.9138827      0.0139576
       0.697E+17      0.9062424      0.0149464
       0.672E+17      0.8967385      0.0159096
       0.649E+17      0.8872830      0.0169560
       0.628E+17      0.8778787      0.0178030
       0.607E+17      0.8648000      0.0186000
       0.588E+17      0.8555169      0.0192400
       0.571E+17      0.8426239      0.0183600
       0.554E+17      0.8334413      0.0206338
       0.538E+17      0.8206992      0.0212004
       0.523E+17      0.8080546      0.0217558
       0.509E+17      0.7972953      0.0221464
       0.495E+17      0.7830611      0.0226560
       0.483E+17      0.7689547      0.0231528
       0.471E+17      0.7549788      0.0234630
       0.459E+17      0.7394096      0.0237360
       0.448E+17      0.7274073      0.0242252
       0.438E+17      0.7104329      0.0247842
       0.428E+17      0.6953250      0.0253536
       0.418E+17      0.6787264      0.0260384
       0.409E+17      0.6623138      0.0273504
       0.401E+17      0.6444921      0.0285868
       0.392E+17      0.6268954      0.0304128
       0.384E+17      0.6048638      0.0318980
       0.377E+17      0.5862586      0.0341636
       0.369E+17      0.5649135      0.0365472
       0.362E+17      0.5424720      0.0389136
       0.355E+17      0.5204313      0.0421648
       0.349E+17      0.4973797      0.0458900
       0.342E+17      0.4761487      0.0504430
       0.336E+17      0.4539848      0.0546750
       0.330E+17      0.4322107      0.0599690
       0.325E+17      0.4121350      0.0656880
       0.319E+17      0.3897650      0.0727320
       0.314E+17      0.3678750      0.0793000
       0.309E+17      0.3426240      0.0873200
       0.304E+17      0.3145167      0.0946890
       0.299E+17      0.2927520      0.1021140
       0.296E+17      0.2741640      0.1517600
       0.294E+17      0.2709000      0.1060000
       0.290E+17      0.2504000      0.1159380
       0.288E+17      0.2376270      0.1675640
       0.281E+17      0.1995040      0.1833300
       0.273E+17      0.1590640      0.1992900
       0.270E+17      0.1374310      0.2085600
       0.266E+17      0.1164510      0.2172600
       0.262E+17      0.0932960      0.2260500
       0.258E+17      0.0699930      0.2350240
       0.255E+17      0.0504000      0.2424080
       0.254E+17      0.0393120      0.2448340
       0.252E+17      0.0289870      0.2490840
       0.251E+17      0.0191970      0.2523960
       0.247E+17     -0.0072400      0.2620380
       0.243E+17     -0.0362110      0.2718600
       0.239E+17     -0.0663520      0.2803860
       0.235E+17     -0.0981710      0.2907000
       0.232E+17     -0.1314720      0.2998540
       0.228E+17     -0.1676840      0.3100800
       0.224E+17     -0.2050650      0.3202720
       0.220E+17     -0.2453850      0.3300480
       0.216E+17     -0.2894880      0.3411340
       0.213E+17     -0.3352560      0.3525500
       0.209E+17     -0.3859680      0.3642260
       0.205E+17     -0.4395710      0.3784200
       0.201E+17     -0.4973830      0.3925440
       0.197E+17     -0.5607000      0.4086720
       0.194E+17     -0.6283530      0.4264960
       0.190E+17     -0.7006000      0.4462500
       0.186E+17     -0.7771879      0.4700160
       0.182E+17     -0.8613200      0.4949820
       0.178E+17     -0.9530190      0.5231800
       0.175E+17     -1.0544308      0.5575600
       0.171E+17     -1.1608111      0.5927400
       0.167E+17     -1.2716159      0.6310400
       0.163E+17     -1.3868161      0.6727600
       0.159E+17     -1.5058039      0.7207201
       0.156E+17     -1.6553751      0.7788000
       0.152E+17     -1.8107640      0.8445600
       0.148E+17     -2.0013762      0.9222000
       0.144E+17     -2.1698761      1.0026400
       0.140E+17     -2.3752961      1.0996799
       0.137E+17     -2.6209109      1.2184401
       0.133E+17     -2.8415790      1.3459400
       0.129E+17     -3.1410041      1.5069600
       0.125E+17     -3.4128640      1.6872000
       0.121E+17     -3.7715161      1.9119999
       0.118E+17     -4.1427107      2.1714001
       0.114E+17     -4.5671310      2.4884601
       0.110E+17     -5.0004759      2.8675199
       0.106E+17     -5.5373764      3.3418000
       0.102E+17     -6.0848637      3.9009597
       0.987E+16     -6.7354913      4.6246200
       0.949E+16     -7.4150767      5.5950403
       0.911E+16     -7.4421806      5.8761797
       0.908E+16     -7.4998879      6.0668159
       0.905E+16     -7.5730200      6.1588478
       0.902E+16     -7.4896131      6.2616839
       0.899E+16     -7.6344690      6.3408203
       0.896E+16     -7.7194357      6.4590120
       0.893E+16     -7.7384248      6.4997125
       0.890E+16     -7.8156219      6.6230202
       0.887E+16     -7.8603449      6.6872702
       0.884E+16     -7.8984647      6.7699499
       0.881E+16     -7.9883366      6.8999701
       0.878E+16     -8.0724001      6.9729586
       0.874E+16     -8.1093035      7.0986300
       0.872E+16     -8.1684999      7.1842079
       0.868E+16     -8.2417793      7.2896996
       0.866E+16     -8.2921438      7.3443198
       0.862E+16     -8.4001999      7.4926505
       0.859E+16     -8.4559793      7.6293001
       0.857E+16     -8.5492764      7.7450356
       0.853E+16     -8.6508751      7.8793001
       0.850E+16     -8.7234278      7.9957643
       0.847E+16     -8.8197584      8.1668396
       0.844E+16     -8.8916245      8.3071995
       0.841E+16     -8.9858875      8.4876661
       0.838E+16     -9.0514641      8.6658306
       0.835E+16     -9.1076040      8.8493605
       0.832E+16     -9.1607170      9.0409555
       0.829E+16     -9.1862354      9.2618523
       0.826E+16     -9.2174435      9.4871998
       0.823E+16     -9.1948557      9.7075100
       0.820E+16     -9.1661148      9.9027719
       0.817E+16     -9.0874205     10.1174717
       0.814E+16     -9.0147486     10.2791367
       0.811E+16     -8.9201927     10.4149437
       0.808E+16     -8.8238087     10.5172558
       0.805E+16     -8.7493677     10.5887737
       0.802E+16     -8.6834908     10.6068201
       0.799E+16     -8.6542368     10.6339207
       0.796E+16     -8.6510553     10.6406078
       0.793E+16     -8.6679440     10.6568480
       0.790E+16     -8.7243958     10.6590118
       0.786E+16     -8.7943726     10.6674356
       0.783E+16     -8.8946514     10.6816635
       0.781E+16     -8.9920797     10.7024622
       0.777E+16     -9.1401348     10.7215681
       0.774E+16     -9.2899990     10.7739172
       0.771E+16     -9.4445009     10.8361406
       0.768E+16     -9.6277676     10.9108257
       0.765E+16     -9.8193922     10.9885435
       0.762E+16    -10.0203276     11.0865536
       0.759E+16    -10.2443256     11.1941004
       0.756E+16    -10.4649792     11.3337002
       0.753E+16    -10.6950235     11.4771204
       0.750E+16    -10.9598446     11.6265602
       0.747E+16    -11.2254009     11.8020382
       0.744E+16    -11.5045929     11.9743061
       0.741E+16    -11.7708569     12.1854248
       0.738E+16    -12.0893011     12.4100599
       0.735E+16    -12.4007597     12.6410398
       0.732E+16    -12.7297344     12.9074078
       0.729E+16    -13.0834780     13.1943645
       0.726E+16    -13.4500332     13.4877262
       0.723E+16    -13.8488789     13.8337917
       0.720E+16    -14.2798328     14.2144747
       0.717E+16    -14.7153521     14.6290140
       0.714E+16    -15.1895866     15.0927839
       0.711E+16    -15.7040634     15.6077995
       0.708E+16    -16.2369156     16.2080116
       0.705E+16    -16.7921600     16.8884869
       0.701E+16    -17.3547726     17.6898613
       0.699E+16    -17.9315395     18.5997276
       0.695E+16    -18.4562149     19.6181526
       0.692E+16    -18.9332008     20.7537212
       0.689E+16    -19.3437347     22.0406437
       0.686E+16    -19.6392021     23.4414577
       0.683E+16    -19.8193207     24.9119625
       0.680E+16    -19.8867168     26.4813118
       0.677E+16    -19.8124332     28.1124001
       0.674E+16    -19.6101608     29.7861614
       0.671E+16    -19.2877388     31.5481911
       0.668E+16    -18.8239346     33.3465576
       0.665E+16    -18.2164326     35.2670746
       0.662E+16    -17.4502602     37.2916336
       0.659E+16    -16.3332672     39.5015793
       0.656E+16    -14.7679214     41.8694229
       0.653E+16    -12.4106293     44.0879402
       0.650E+16     -9.4554796     45.7794342
       0.647E+16     -6.1293383     46.6799011
       0.644E+16     -2.9315248     46.7569046
       0.641E+16     -0.0673187     46.2433167
       0.638E+16      2.3722236     45.3508644
       0.635E+16      4.3430805     44.2713585
       0.632E+16      5.9783058     43.1505928
       0.629E+16      7.3163857     42.0315933
       0.626E+16      8.4247494     40.9580650
       0.623E+16      9.3679581     39.9491615
       0.620E+16     10.1172152     39.0131683
       0.616E+16     10.7755947     38.1319199
       0.613E+16     11.3419247     37.3339195
       0.610E+16     11.8277225     36.6095009
       0.607E+16     12.2335339     35.9417419
       0.604E+16     12.6362381     35.3535194
       0.601E+16     13.0105734     34.8395424
       0.598E+16     13.3320389     34.3517189
       0.595E+16     13.6551495     33.9412651
       0.592E+16     13.9645386     33.5670700
       0.589E+16     14.2543402     33.2390175
       0.586E+16     14.5652132     32.9399490
       0.583E+16     14.8910351     32.6793594
       0.580E+16     15.2121840     32.4439430
       0.577E+16     15.5291023     32.2336578
       0.574E+16     15.8485250     32.0383339
       0.571E+16     16.1746387     31.8743191
       0.568E+16     16.5346146     31.7436886
       0.565E+16     16.8777142     31.6151714
       0.562E+16     17.2329731     31.5340977
       0.559E+16     17.5865192     31.4779625
       0.556E+16     17.9551754     31.4425678
       0.553E+16     18.3213120     31.4592342
       0.550E+16     18.7080975     31.5133896
       0.547E+16     19.1254463     31.6383038
       0.544E+16     19.5746059     31.8345757
       0.541E+16     20.0724316     32.1257439
       0.538E+16     20.6812420     32.5322762
       0.535E+16     21.4212227     33.0789719
       0.532E+16     22.3879051     33.8170815
       0.528E+16     23.7106113     34.6961136
       0.525E+16     25.6007080     35.6351242
       0.522E+16     28.1835995     36.3148003
       0.519E+16     31.4907036     36.3466988
       0.516E+16     35.2194557     35.2840195
       0.513E+16     38.7910919     32.8858414
       0.510E+16     41.4810562     29.4810467
       0.507E+16     43.1383400     25.5404606
       0.504E+16     43.7394676     21.4440460
       0.501E+16     43.2656403     17.7251778
       0.498E+16     42.1301270     14.6187000
       0.495E+16     40.7352791     12.1942806
       0.492E+16     39.2276306     10.2950802
       0.489E+16     37.7444267      8.8321800
       0.486E+16     36.3509407      7.6381197
       0.483E+16     35.0639839      6.6736560
       0.480E+16     33.8739395      5.9004202
       0.477E+16     32.7855988      5.2385278
       0.474E+16     31.7946587      4.7041278
       0.471E+16     30.8751335      4.3111801
       0.468E+16     30.0470238      3.9000299
       0.465E+16     29.2681599      3.5663600
       0.462E+16     28.5138321      3.3484740
       0.459E+16     27.8359737      3.0752881
       0.456E+16     27.1969242      2.8094361
       0.452E+16     26.6018715      2.6336401
       0.449E+16     26.0423470      2.4931922
       0.446E+16     25.5833645      0.0000000
       0.443E+16     25.0455589      2.1137979
       0.440E+16     24.5703125      2.0141659
       0.437E+16     24.1294193      1.9074080
       0.434E+16     23.7021618      1.8026401
       0.431E+16     23.3043346      1.7874700
       0.428E+16     22.9247799      1.6289400
       0.425E+16     22.5644379      1.5494779
       0.422E+16     22.2373219      1.4059640
       0.419E+16     21.8989239      1.3952361
       0.416E+16     21.5862122      1.2363679
       0.413E+16     21.2810612      1.2091299
       0.410E+16     20.9869900      1.1915801
       0.407E+16     20.7126484      1.1928860
       0.404E+16     20.4305267      1.2118959
       0.401E+16     20.1906242      1.0788000
       0.398E+16     19.9307575      1.0718400
       0.395E+16     19.7232628      0.7995600
       0.392E+16     19.4922199      0.8302079
       0.389E+16     19.2739906      0.7289059
       0.386E+16     19.0644493      0.6899861
       0.383E+16     18.8557186      0.6688220
       0.380E+16     18.6570721      0.6307200
       0.377E+16     18.4674740      0.6275080
       0.374E+16     18.2883720      0.5645640
       0.371E+16     18.0998421      0.6127200
       0.367E+16     17.9316254      0.5082000
       0.364E+16     17.7626266      0.5058000
       0.361E+16     17.6032810      0.4699520
       0.358E+16     17.4445210      0.4427620
       0.355E+16     17.2954311      0.3576740
       0.352E+16     17.1375732      0.3726000
       0.349E+16     16.9968262      0.3958080
       0.346E+16     16.8572998      0.3613280
       0.343E+16     16.7179871      0.3598320
       0.340E+16     16.5883045      0.2606720
       0.337E+16     16.4578056      0.3083320
       0.334E+16     16.3367386      0.2586880
       0.331E+16     16.2075195      0.2737680
       0.328E+16     16.0952454      0.2407200
       0.325E+16     15.9752798      0.2158380
       0.322E+16     15.8633890      0.2389800
       0.319E+16     15.7520618      0.2381400
       0.316E+16     15.6492081      0.2136240
       0.313E+16     15.5466242      0.1971500
       0.310E+16     15.4521360      0.1965500
       0.307E+16     15.3501482      0.1880640
       0.304E+16     15.2563515      0.1718640
       0.301E+16     15.1549644      0.1712920
       0.298E+16     15.0695629      0.1475160
       0.295E+16     14.9765749      0.1393200
       0.292E+16     14.8838749      0.1311720
       0.288E+16     14.7991524      0.1231040
       0.285E+16     14.7223120      0.1227840
       0.282E+16     14.6380510      0.1147800
       0.279E+16     14.5540295      0.1068200
       0.276E+16     14.4778566      0.0989300
       0.273E+16     14.4094467      0.0986960
       0.270E+16     14.3411999      0.0984620
       0.267E+16     14.2731409      0.0906720
       0.264E+16     14.1977024      0.0828960
       0.261E+16     14.1449995      0.0827420
       0.258E+16     14.0774050      0.0750400
       0.255E+16     14.0249243      0.0749000
       0.252E+16     13.9576159      0.0672480
       0.249E+16     13.8979025      0.0671040
       0.246E+16     13.8457766      0.0595360
       0.243E+16     13.7937317      0.0594240
       0.240E+16     13.7269754      0.0518700
       0.237E+16     13.6677599      0.0517580
       0.234E+16     13.6013079      0.0442560
       0.231E+16     13.5497246      0.0441720
       0.228E+16     13.4909048      0.0367300
       0.694E+15     11.8287849      0.0000000
       0.377E+15     11.7381611      0.0000014
       0.314E+15     11.7251463      0.0000039
       0.269E+15     11.7176132      0.0001150
       0.235E+15     11.7128220      0.0001047
       0.209E+15     11.7094002      0.0005790
       0.188E+15     11.7066622      0.0004626
       0.139E+15     11.7025576      0.0021346
       0.126E+15     11.7011890      0.0009646
       0.941E+14     11.6991358      0.0019565
       0.753E+14     11.6970835      0.0006259
       0.301E+14     11.6929808      0.0011626
       0.264E+14     11.6909285      0.0012993
       0.226E+14     11.6895599      0.0015727
       0.188E+14     11.6861420      0.0019827
       0.151E+14     11.6827240      0.0029395
       0.113E+14     11.6758890      0.0049205
       0.941E+13     11.6724720      0.0068330
       0.753E+13     11.6690531      0.0095648
