  0.20E+02         11.621         11.870         12.570
  0.32E+02         11.621         11.870         12.570
  0.50E+02         11.621         11.870         12.570
  0.80E+02         11.621         11.870         12.570
  0.13E+03         11.621         11.870         12.570
  0.20E+03         11.621         11.870         12.570
  0.32E+03         11.621         11.870         12.570
  0.50E+03         11.621         11.870         12.570
  0.80E+03         11.621         11.870         12.570
  0.13E+04         11.621         11.870         12.570
  0.20E+04         11.621         11.870         12.570
  0.32E+04         11.621         11.870         12.570
  0.50E+04         11.621         11.870         12.570
  0.80E+04         11.621         11.870         12.570
  0.13E+05         11.621         11.870         12.570
  0.20E+05         11.621         11.870         12.570
  0.32E+05         11.621         11.870         12.570
  0.50E+05         11.621         11.870         12.570
  0.80E+05         11.621         11.870         12.570
  0.13E+06         11.621         11.870         12.570
  0.20E+06         11.621         11.870         12.570
  0.32E+06         11.621         11.870         12.570
  0.50E+06         11.621         11.870         12.570
  0.80E+06         11.621         11.870         12.570
  0.13E+07         11.621         11.870         12.570
  0.20E+07         11.621         11.870         12.570
  0.32E+07         11.621         11.870         12.570
  0.50E+07         11.621         11.870         12.570
  0.80E+07         11.621         11.870         12.570
  0.13E+08         11.621         11.870         12.570
  0.20E+08         11.621         11.870         12.570
  0.32E+08         11.621         11.870         12.570
  0.50E+08         11.621         11.870         12.570
  0.80E+08         11.621         11.870         12.570
  0.13E+09         11.621         11.870         12.570
  0.20E+09         11.621         11.870         12.570
  0.32E+09         11.621         11.870         12.570
  0.50E+09         11.621         11.870         12.570
  0.80E+09         11.621         11.870         12.570
  0.13E+10         11.621         11.870         12.570
  0.20E+10         11.621         11.870         12.570
  0.32E+10         11.621         11.870         12.570
  0.50E+10         11.621         11.870         12.570
  0.80E+10         11.621         11.870         12.570
  0.13E+11         11.621         11.870         12.570
  0.20E+11         11.621         11.870         12.570
  0.32E+11         11.621         11.870         12.570
  0.50E+11         11.621         11.870         12.570
  0.80E+11         11.621         11.870         12.570
  0.13E+12         11.621         11.870         12.570
  0.20E+12         11.621         11.870         12.570
  0.32E+12         11.621         11.870         12.570
  0.50E+12         11.621         11.870         12.570
  0.80E+12         11.621         11.870         12.570
  0.13E+13         11.621         11.870         12.569
  0.20E+13         11.621         11.870         12.569
  0.32E+13         11.621         11.870         12.569
  0.50E+13         11.620         11.870         12.568
  0.80E+13         11.620         11.870         12.568
  0.13E+14         11.619         11.870         12.566
  0.20E+14         11.618         11.870         12.564
  0.32E+14         11.617         11.870         12.560
  0.50E+14         11.617         11.869         12.555
  0.80E+14         11.615         11.868         12.545
  0.13E+15         11.612         11.866         12.529
  0.20E+15         11.606         11.860         12.501
  0.32E+15         11.589         11.845         12.451
  0.50E+15         11.547         11.808         12.356
  0.80E+15         11.445         11.715         12.169
  0.13E+16         11.198         11.488         11.793
  0.20E+16         10.633         10.959         11.046
  0.32E+16          9.484          9.839          9.674
  0.50E+16          7.594          7.895          7.578
  0.80E+16          5.321          5.448          5.183
  0.13E+17          3.391          3.362          3.229
  0.20E+17          2.168          2.099          2.040
  0.32E+17          1.532          1.485          1.449
  0.50E+17          1.237          1.219          1.186
  0.80E+17          1.107          1.109          1.075
  0.13E+18          1.051          1.065          1.030
  0.20E+18          1.025          1.047          1.012
  0.32E+18          1.013          1.040          1.005
  0.50E+18          1.006          1.037          1.002
  0.80E+18          1.003          1.036          1.001
  0.13E+19          1.001          1.035          1.000
  0.20E+19          1.000          1.035          1.000
  0.32E+19          1.000          1.035          1.000
  0.50E+19          1.000          1.035          1.000
  0.80E+19          1.000          1.035          1.000
  0.13E+20          1.000          1.035          1.000
  0.20E+20          1.000          1.035          1.000
  0.32E+20          1.000          1.035          1.000
  0.50E+20          1.000          1.035          1.000
  0.80E+20          1.000          1.035          1.000
  0.13E+21          1.000          1.035          1.000
  0.20E+21          1.000          1.035          1.000
  0.32E+21          1.000          1.035          1.000
  0.50E+21          1.000          1.035          1.000
  0.80E+21          1.000          1.035          1.000
  0.13E+22          1.000          1.035          1.000
